%Here ill sort all the data given by the paper in degrees
%I have plans to create a function that can transform from deg to mm and vice versa but 
%that is harder than it seems since you have adjust for displacement between optical and visual
%cones
%temporal
%xvals
xt_deg_c =  [0., 0.183451262260589, 0.3667462138668602, 0.5498808689574888, ...
0.7328512269822077, 1.0982830147382474, 1.463009554504794, 1.8269991817430338, ...
2.1902211598664145, 2.5526466124337097, 2.9142500797908624, 3.275012161916428, ...
3.6349240403760614, 7.211647234228708, 10.845350068924303, 18.268967945132815, ...
22.008334890638594, 25.74365354881113, 29.46698992051325, 33.17752817226363, ...
36.881571797406544, 40.59254409630163, 44.33098852281538, 48.12456900675903, ...
52.00807027269838, 56.02339815087192, 60.21957986521387, 64.65276427702881, ...
69.38622205964832, 74.49034578025793, 80.04264987082712, 86.12777048066077, ...
92.83746521719743];
%yvals
yt_deg_c = sqrt([14804.64622470941 ,11614.391825963217, ...
8679.42364724184, 6994.924223271658, 5584.452757178876, ...
4020.376156002081, 3234.1346734074823, 2746.6456328971967, ...
2373.365498508882,1965.434445682232, 1797.0873364429065, ... 
1681.695187399411, 1578.0210264166546,942.6502781959861, ...
665.3820989209623, 533.1006898429464, 488.2512707046972, ...
463.47156931950286, 442.5390766613415, 414.1195076096754, ...
380.16457938098273, 352.27214313797793, 327.78903434180523, ...
306.78550323408643, 288.2375229245251, 270.333910040315, ...
251.5394139161486, 235.50309301363848, 217.80580420254682, ... 
203.74593344140249, 195.84845096337446, 158.24945758335068, ...
137.56024900064492]);
%superior
%xvals
xs_deg_c = [0,0.18103561261770007, 0.36199078819942576, 0.5428728635175943, ...
0.7236896710116348, 1.0851610641045717, 1.4464759470209367, 1.8077100501359313, ...
2.1689416348053863, 2.5302490454569933, 2.8917082541147234, 3.2533906192340396, ...
3.6153610413443924, 7.25932567364663, 10.950238794040379, 14.671880406420778, ...
18.404912452794584, 22.13509864118209, 25.854823697393236, 29.563432662233016, ...
33.26732753476627, 36.98000155988179, 40.72205426003901, 44.52119960383614, ...
48.41227140227472, 52.437227386838394, 56.64515245576598, 61.09226117391331, ...
65.8418994403036, 70.96454518606876, 76.5378079945158, 82.64642762271285];
%yvals
ys_deg_c = sqrt([14804.64622470941,10572.169066016992,7906.807285933768, ...
6255.377397008733,4896.193877124049,3527.208600165542,2684.685069885972, ...
2108.4331603755872,1831.0347181648303,1596.7823724012421,1447.5730274939317, ...
1312.42568733484,1192.7837211919382,757.9961244306223,565.9880182068425, ...
437.6916486534099,387.4471925156163,350.9527609967882,323.83778093632264, ...
302.46908986780295,285.8860015845936,277.63351759799,258.607838329406, ...
240.01318172019162,227.4831026432211,215.49997046815287,200.1686923739898, ...
185.03464486667974,172.98254853128836,155.4911589477104,147.88359927085392, ...
103.08650402884426]);
%nasal
%xvals
xn_deg_c = [0,0.18360360673839157, 0.3673556155250164, 0.5512521109964127, ...
0.735289207580229, 1.1037698238506433, 1.4727670519119542, 1.8422510655613884, ...
2.2121926573493704, 2.58256326177377, 2.9533349720532684, 3.324480552418422, ...
3.69597344722957, 7.424658669234582, 11.164055330248079, 14.899229202202017, ...
18.622355787710745, 22.33272735808851, 26.036754911731002, 29.74796902026364, ...
33.48702035637214, 37.28168011255387, 41.166840372311526, 45.18451444599255, ...
49.38383716208365, 53.82106509422433, 58.55957670049828, 63.66987235407566, ...
69.22957425272882, 75.3234262079711];
%yvals
yn_deg_c = sqrt([14804.64622470941,12210.587803097487,9142.163905245669, ...
7397.349040267496,6011.981947874149,4335.235862030083,3410.531064109514, ...
2880.668286386367,2567.44435238513,2176.548725092941,1809.4194222792144, ...
1585.2424646568822,1474.495242046114,868.9603300309213,669.2336598180196, ...
508.30681263346116,410.70479182781236,354.5059157502824,323.83552863058213, ...
294.76852770238605,268.26185215317133,238.92342889263335,221.8480597013533, ...
198.87788259807775,182.70815915030326,167.85038490327992,153.82792029067906, ...
133.29601434733976,114.6352676602745,108.06253764128617]);
%inferior
%xvals
xi_deg_c = [0,0.1811228632074541, 0.3623392483328127, 0.5436548735700945, ...
0.7250749005357603, 1.0882460485933207, 1.4518831164812096, 1.81600836090837, ...
2.180636580120089, 2.545775934712325, 2.911428804437874, 3.2775926264711965, ...
3.644260679968758, 7.335411181459168, 11.057158127310682, 14.790194805297558, ...
18.52032640259519, 22.23997695667134, 25.94852867196401, 29.65241953486722, ...
33.36517828196877, 37.10743983988541, 40.90695373489382, 44.79858962833212, ...
48.824341462124714, 53.03333071156705, 57.48180883358654, 62.23315882753502, ...
67.35789577972703, 72.93366630025076, 79.04524685612364];
%yvals
yi_deg_c = sqrt([14804.64622470941,10956.83583020359,8069.172202338667,6438.839308047405, ...
5170.965235776329,3826.2587265853113,2962.654155776672,2434.2309204507505, ...
2117.986799759724,1847.29196798005,1645.150792073471,1441.4921798515948, ...
1275.0944314495819,778.706014968967,566.4070587635434,455.4553271599812,399.707479305327, ...
353.2311027686395,325.5229685707175,298.97159650340103,275.4485487468615, ...
256.0541536149219,236.5282699931884,218.68200882859514,205.70503721367137, ...
196.70552447087638,183.64075086499807,168.70464138538432,153.33602933189613, ...
138.61886443110973,144.87088231437295]);
%%
%Now sort data for retinal ganglion cell density (rgcd)
%temporal
%xvals
xt_deg_rgcd = [0,0.18593923369252877,0.3717178308822736,0.5573316409090776,0.7427764977750474, ...
1.1131426529212247,1.4827829593647686,1.8516644783823826,2.2197552940730496,2.5870255432599225, ...
2.953449149712472,3.31900679290571,3.6836910241589105,5.496092431124066,7.309190492700514, ...
9.142240526078217,10.994765968171452,14.742323578443514,18.522503804692484,22.312720415066067, ...
26.097857900564726,29.870308487985934,33.62997699705354,37.38428195373141,41.148156075669945, ...
44.944046636790006,48.80191581130344,52.75924101405819,56.86101523023512,61.159747316488954, ...
65.71546224905477,70.5957012915439,75.87552205717101,81.63749844776936,87.97172046481518];
%yvals
yt_deg_rgcd =  [0,44.04486724637118,93.27509002277617,198.78698645599684,345.14206545230155, ...
1016.4921674895295,1460.4333317652136,1828.1252513740205,1960.6584606225276,2085.475117966171, ... 
2217.2767820329545,2342.4640796660046,2374.660330589903,2069.255695654906,1282.5353001727826, ...
751.4476414029601,492.43006927557184,0,244.45459692983894,226.03104078393105,209.0325120219425, ...
181.4036385525174,143.7728154334466,110.33967350723363,90.3683973832319,79.71178905772537, ...
69.9320213451311,61.47100679480568,53.48768790671183,46.62792067725425,38.43392514810544, ...
30.498345341427296,23.54151243161036,15.280986323342862,10.732960056617229];
%superior
%xvals
xs_deg_rgcd = [0,0.18349130560569987, 0.36690007660019175, 0.550233963180544, 0.7335011377041551, ...
1.0998704064881881, 1.4660819859706975, 1.8322149031328192, 2.1983507190480474, ...
2.564570904219949, 2.9309542225042526, 3.2975743653080882, 3.664498030757884, ...
5.505390523026586, 7.358901171835787, 9.224896045436125, 11.101263681414402, ...
14.874340393583799, 18.658178224708905, 22.43835579663088, 26.20747855963523, ...
29.965510328268024, 33.7198675919376, 37.48545310663173, 41.28467077707197, ...
45.14743387650181, 49.111170564943365, 53.220828095818824, 57.52887615397506, ...
62.095309375899646, 66.98764894026573, 72.28094307870904, 78.05776640401032, ...
84.40821806124717];
%yvals
